  -1.1918936e-02
  -2.4369991e-03
   1.9000000e-02
  -1.0549609e-01
  -8.2313881e-02
  -1.9300000e-01
  -2.9825798e-02
  -8.9662823e-02
   5.5000000e-02
  -2.3787958e-02
  -6.9131274e-02
   3.7000000e-02
  -2.2633602e-02
  -5.2618629e-02
   1.9000000e-02
  -1.9405651e-03
  -6.1019839e-03
   1.3000000e-02
  -3.3752100e-03
  -2.3681127e-03
   9.0000000e-03
  -2.1710613e-02
   1.2997179e-03
  -9.0000000e-03
  -9.7547611e-02
  -5.9227052e-02
  -1.0680000e-01
   2.6873935e-02
  -6.1021239e-02
   4.1300000e-02
  -3.3689379e-02
  -5.0331757e-02
   2.8500000e-02
